((("gl_free_list" .
   [0 0 0 0 0 1 2 0 0 0 0 0])
  ("remove_from_gl_free_list" .
   [0 0 0 0 0 0 1 0 0 0 0 0 0 0 0 0 0 0 0 0 0 0 0 0])
  ("display_gl_free_list" .
   [0 0 0 1 0 0 0 0 0 0 0 0 0 0 0 0 0 0 0 0])
  ("check_address" .
   [0 0 0 1 0 0 0 0 0 0 0 0 0])
  ("tmp_2" .
   [1 0 0 0 0])
  ("malloc" .
   [1 0 0 0 0 0])
  ("32" .
   [1 0])
  ("tail" .
   [3 0 0 0])
  ("absolute" .
   [0 0 0 1 0 0 0 0])
  ("right" .
   [1 0 0 0 0])
  ("position" .
   [2 0 0 0 0 0 0 0])
  ("newfolder" .
   [0 0 0 0 1 0 1 0 0])
  ("path" .
   [1 0 0 0])
  ("alert" .
   [1 0 0 0 0])
  ("setUploader" .
   [0 0 0 0 0 1 0 0 0 0 0])
  ("false" .
   [1 0 0 0 0])
  ("SET_NO_PREV" .
   [0 0 0 0 0 0 1 0 0 0 0])
  ("SET_FREE" .
   [0 0 0 0 0 0 1 0])
  ("IS_NO_PREV" .
   [1 0 0 0 0 0 1 0 1 1])
  ("IS_FREE" .
   [2 0 0 0 1 0 0])
  ("IS_NO_NEXT" .
   [1 0 0 0 0 1 0 0 0 1])
  ("UNSET_NO_NEXT" .
   [0 0 0 0 0 0 0 0 1 0 0 0 0])
  ("SET_NO_NEXT" .
   [0 0 0 0 0 0 1 0 0 0 0])
  ("SET_USED" .
   [0 0 0 0 0 0 1 0])
  ("0x20" .
   [1 0 0 0])
  ("0x01" .
   [1 0 0 0])
  ("0x16" .
   [2 0 0 0])
  ("0x08" .
   [4 0 0 0])
  ("0x04" .
   [6 0 0 0])
  ("0x02" .
   [6 0 0 0])
  ("_IN_USE_" .
   [1 0 1 4 0 0 0 0])
  ("next_bl" .
   [6 0 0 0 0 2 1])
  ("_NO_NEXT_" .
   [1 0 0 0 1 2 0 0 2])
  ("_FREE_" .
   [1 0 0 7 0 0])
  ("prev_bl" .
   [6 0 0 1 1 3 4])
  ("_NO_PREV_" .
   [1 0 0 0 0 2 1 0 4])
  ("bottom" .
   [1 0 2 0 0 0])
  ("g" .
   [1])
  ("gl_mstate" .
   [2 0 1 0 1 1 0 0 0])
  ("s_malloc_state" .
   [0 0 0 0 0 2 1 0 0 0 0 0 0 0])
  ("0" .
   [4])
  ("0x10" .
   [8 0 0 0])
  ("s_footer" .
   [3 0 1 0 5 0 0 0])
  ("t_footer" .
   [2 0 1 1 2 0 0 0])
  ("_IN_USE" .
   [0 0 0 1 0 0 0])
  ("define" .
   [19 0 1 0 0 0])
  ("state" .
   [27 0 0 0 2])
  ("size" .
   [66 0 0 0])
  ("t_block_descriptor" .
   [0 0 1 0 0 0 0 0 0 0 0 0 0 0 0 0 0 0])
  ("void" .
   [15 0 0 0])
  ("addr" .
   [2 0 0 0])
  ("replace" .
   [2 0 0 0 0 0 0])
  ("w" .
   [1])
  ("item_extension" .
   [1 0 0 0 0 0 0 1 0 0 0 0 0 0])
  ("extension" .
   [0 0 0 1 0 0 0 0 0])
  ("w_count" .
   [1 0 0 0 0 0 0])
  ("len" .
   [1 0 0])
  ("find" .
   [1 0 0 0])
  ("words" .
   [2 0 0 0 1])
  ("window" .
   [1 0 0 0 0 0])
  ("500" .
   [1 0 0])
  ("break" .
   [3 0 0 0 0])
  ("urltmp" .
   [3 0 0 0 0 0])
  ("2" .
   [2])
  ("23" .
   [1 0])
  ("lio4" .
   [1 0 0 0])
  ("lio3" .
   [1 0 0 0])
  ("lio2" .
   [1 0 0 0])
  ("f" .
   [2])
  ("friend" .
   [3 0 0 0 0 0])
  ("a" .
   [9])
  ("for" .
   [2 0 0])
  ("l" .
   [2])
  ("chat" .
   [1 0 0 0])
  ("lion" .
   [2 0 0 0])
  ("Chat" .
   [6 0 0 0])
  ("Lion" .
   [17 0 0 0])
  ("animaux" .
   [1 0 0 0 0 0 0])
  ("zoo" .
   [3 0 0])
  ("Animal" .
   [10 0 0 1 1 0])
  ("virtual" .
   [6 0 0 0 0 0 0])
  ("e" .
   [1])
  ("c" .
   [7])
  ("coplien" .
   [1 0 0 0 0 0 0])
  ("Coplien" .
   [1 0 0 0 0 0 2])
  ("te" .
   [1 0])
  ("toile" .
   [2 0 0 0 0])
  ("thot" .
   [0 0 0 1])
  ("getThot" .
   [0 0 0 0 2 0 0])
  ("public" .
   [3 0 0 0 0 0])
  ("class" .
   [2 0 0 0 1])
  ("nodeBeg" .
   [7 0 0 0 0 0 0])
  ("top" .
   [1 0 0])
  ("j" .
   [1])
  ("battleCry" .
   [1 0 0 0 0 0 0 0 0])
  ("vlc" .
   [1 0 0])
  ("tmpNode" .
   [3 0 0 1 1 0 0])
  ("t_list" .
   [3 0 0 0 0 0])
  ("s_list" .
   [3 0 1 0 0 0])
  ("struct" .
   [30 0 1 1 0 6])
  ("typedef" .
   [5 0 0 0 0 0 1])
  ("node" .
   [20 0 0 0])
  ("getCount" .
   [2 0 0 0 0 0 1 0])
  ("SIZE_SQUAD" .
   [1 0 0 0 0 0 0 0 0 0])
  ("squad" .
   [1 0 0 0 0])
  ("I" .
   [1])
  ("coutdeb" .
   [0 0 0 0 0 1 0])
  ("count" .
   [2 0 0 0 0])
  ("space" .
   [3 0 0 0 0])
  ("sm" .
   [4 0])
  ("while" .
   [8 0 0 0 0])
  ("Squad" .
   [0 0 4 0 0])
  ("new" .
   [7 0 0])
  ("ISquad" .
   [1 0 1 0 0 0])
  ("NULL" .
   [44 0 0 0])
  ("next" .
   [69 0 0 3])
  ("ISpaceMarine" .
   [3 0 0 8 2 0 0 0 0 0 0 0])
  ("hh" .
   [1 0])
  ("CloseAttack" .
   [0 0 0 0 0 0 1 0 0 0 0])
  ("test" .
   [20 0 0 1])
  ("Hunter" .
   [1 0 0 0 0 0])
  ("Character" .
   [1 0 0 0 0 0 0 0 0])
  ("protected" .
   [3 0 0 0 0 0 0 0 0])
  ("Warrior" .
   [2 0 2 0 0 0 0])
  ("weaponG" .
   [1 0 0 1 1 0 0])
  ("weapon" .
   [0 0 1 0 0 0])
  ("weaponName" .
   [1 0 1 0 0 0 0 0 1 1])
  ("string" .
   [4 0 0 0 0 0])
  ("std" .
   [7 0 0])
  ("force" .
   [2 0 0 0 0])
  ("power" .
   [1 0 0 0 0])
  ("100" .
   [3 0 0])
  ("pv" .
   [1 0])
  ("lvl" .
   [3 0 0])
  ("AttackRange" .
   [0 0 0 1 0 0 0 0 0 0 0])
  ("static" .
   [11 0 0 0 0 0])
  ("10" .
   [12 0])
  ("RANGE" .
   [6 0 0 0 0])
  ("CLOSE" .
   [6 0 0 0 0])
  ("enum" .
   [2 0 0 0])
  ("Range" .
   [6 0 0 0 0])
  ("inc" .
   [0 0 2])
  ("if" .
   [19 0])
  ("strcpy" .
   [2 0 0 0 0 0])
  ("st_cthulhu" .
   [0 0 0 1 0 1 0 0 0 0])
  ("sizeof" .
   [26 0 0 0 1 12])
  ("this" .
   [37 0 0 0])
  ("name" .
   [7 0 0 0])
  ("printf" .
   [71 0 0 0 0 0])
  ("_EX_" .
   [2 0 0 0])
  ("m_name" .
   [1 0 0 0 1 0])
  ("st_koala" .
   [3 0 0 0 0 1 0 0])
  ("m_power" .
   [0 0 0 0 0 1 0])
  ("m_parent" .
   [3 0 0 0 2 0 0 0])
  ("return" .
   [39 0 0 0 1 1])
  ("operator" .
   [9 0 0 0 0 1 0 0])
  ("Coordinates" .
   [0 0 6 7 1 1 0 0 0 1 0])
  ("50" .
   [2 0])
  ("int" .
   [49 0 1])
  ("Durasel" .
   [1 0 0 0 0 0 0])
  ("include" .
   [2 0 0 1 0 0 1])
  ("Test" .
   [8 0 1 1])
  ("couts" .
   [2 0 0 0 0])
  ("coutv" .
   [7 0 0 0 0])
  ("alias" .
   [2 0 0 0 0])
  ("install" .
   [1 0 0 0 0 0 0])
  ("apt-get" .
   [1 0 0 0 0 0 0])
  ("staticmethod" .
   [0 0 0 0 1 0 0 0 0 0 0 0])
  ("tuple" .
   [0 0 1 0 0])
  ("str" .
   [1 2 1])
  ("a_string" .
   [0 0 1 1 0 2 1 0])
  ("ImageFont" .
   [0 0 0 1 0 0 0 0 0])
  ("import" .
   [2 0 0 0 0 0])
  ("print" .
   [16 0 0 0 0])
  ("anal" .
   [1 0 0 0])
  ("append" .
   [0 0 1 0 0 0])
  ("step2" .
   [1 0 0 0 0])
  ("analyzeFile" .
   [0 0 1 0 0 0 0 0 0 0 0])
  ("def" .
   [7 0 0])
  ("comment-region" .
   [1 0 0 0 0 0 0 0 0 0 0 0 0 0])
  ("newmet" .
   [1 0 0 0 0 0])
  ("includes" .
   [4 0 0 0 0 0 0 0])
  ("classfull" .
   [2 0 0 0 0 0 0 0 0])
  ("main" .
   [5 0 0 1])
  ("private" .
   [4 0 0 0 1 0 0])
  ("t" .
   [3])
  ("else" .
   [16 0 0 0])
  ("tmp" .
   [122 0 0])
  ("needMax" .
   [0 0 2 2 0 0 1])
  ("coutd" .
   [2 0 0 0 3])
  ("Memory" .
   [1 0 0 0 0 0])
  ("keep" .
   [1 0 0 0])
  ("const" .
   [30 0 0 0 0])
  ("KoalaInitializer" .
   [0 0 1 0 0 0 0 0 0 0 0 0 0 0 0 0])
  ("_isALegend" .
   [0 0 0 1 0 0 0 0 0 0])
  ("_name" .
   [1 0 0 0 0])
  ("URL" .
   [1 0 0])
  ("STRING" .
   [1 0 0 0 0 0])
  ("getX" .
   [3 0 0 0])
  ("getY" .
   [1 0 0 0])
  ("list" .
   [3 0 0 0])
  ("listCoors" .
   [0 0 0 0 0 1 5 0 1])
  ("push_back" .
   [0 0 0 2 0 0 0 0 0])
  ("cr1" .
   [1 0 0])
  ("cr2" .
   [1 0 0])
  ("iter" .
   [5 0 0 0])
  ("iterEnd" .
   [0 0 0 0 0 2 0])
  ("end" .
   [1 0 0])
  ("cout" .
   [3 0 0 0])
  ("endl" .
   [2 0 0 0])
  ("cr" .
   [1 0])
  ("cnt" .
   [1 0 0])
  ("request" .
   [1 0 0 0 0 0 0])
  ("url" .
   [5 0 0])
  ("asdasd" .
   [1 0 0 0 0 0])
  ("data" .
   [5 0 0 0])
  ("tmp2" .
   [1 0 0 0])
  ("resp" .
   [1 0 0 0])
  ("urllib" .
   [1 0 0 0 0 0])
  ("content" .
   [3 0 0 0 0 0 1])
  ("body" .
   [5 0 0 0])
  ("script" .
   [1 0 0 0 0 0])
  ("echo" .
   [23 0 0 0])
  ("then" .
   [6 0 0 0])
  ("file" .
   [0 0 5 0])
  ("var" .
   [1 0 0])
  ("elif" .
   [2 0 0 0])
  ("_substitute" .
   [0 0 0 0 0 0 0 0 0 0 1])
  ("-eq" .
   [2 0 0])
  ("exit" .
   [2 0 0 0])
  ("case" .
   [2 0 0 0])
  ("WORD" .
   [2 0 2 0])
  ("esac" .
   [1 0 0 0])
  ("USAGE" .
   [0 0 1 0 0])
  ("!/bin/sh" .
   [1 0 0 0 0 0 0 0])
  ("-n" .
   [2 0])
  ("-e" .
   [1 0])
  ("cat" .
   [1 0 0])
  ("unsigned" .
   [1 0 0 0 3 0 0 0])
  ("long" .
   [1 0 0 0])
  ("union" .
   [3 0 0 0 0])
  ("header" .
   [5 0 0 0 0 0])
  ("my_malloc" .
   [0 0 0 0 0 2 0 0 0])
  ("align4" .
   [1 0 0 0 0 1])
  ("Header" .
   [4 0 0 0 0 0])
  ("ssize" .
   [0 0 1 1 0])
  ("base" .
   [1 0 0 0])
  ("free_list" .
   [5 0 1 6 1 1 0 0 16])
  ("Align" .
   [0 0 0 1 0])
  ("sbrk" .
   [2 0 1 0])
  ("s" .
   [19])
  ("t_block" .
   [8 0 6 3 7 16 3])
  ("char" .
   [45 0 0 0])
  ("s_block" .
   [10 0 2 0 3 5 4])
  ("hd" .
   [69 0])
  ("n" .
   [15])
  ("size_t" .
   [9 0 0 0 0 2])
  ("find_block" .
   [0 0 0 0 1 0 0 0 0 0])
  ("prev" .
   [54 0 0 0])
  ("/bin/" .
   [1 1 0 0 0])
  ("remove_from_free_list" .
   [0 0 0 0 1 0 0 0 0 0 0 0 0 0 0 0 0 0 0 0 0])
  ("extend_heap" .
   [0 0 0 0 0 1 0 1 0 0 0])
  ("display_free_list" .
   [2 0 0 1 1 0 0 0 0 0 0 0 0 0 0 0 1])
  ("h" .
   [9])
  ("old_free" .
   [0 0 2 1 1 0 0 0])
  ("p" .
   [15])
  ("my_free" .
   [2 0 0 0 0 1 3])
  ("30" .
   [2 0])
  ("15" .
   [1 0])
  ("page_size" .
   [0 0 3 1 0 1 0 0 0])
  ("getpagesize" .
   [0 0 0 1 0 0 0 0 0 0 0])
  ("inline" .
   [2 0 0 0 0 0])
  ("i" .
   [6])
  ("1" .
   [4])
  ("s_size" .
   [1 0 0 0 3 0])
  ("bool" .
   [3 0 0 0])
  ("TRUE" .
   [2 0 0 0])
  ("FALSE" .
   [5 0 0 0 0])
  ("ret" .
   [6 0 0])
  ("actual_bl" .
   [5 0 6 3 3 0 2 0 9])
  ("old_size" .
   [0 0 0 3 0 0 0 0])
  ("b" .
   [2])
  ("adress" .
   [1 0 0 0 0 0])
  ("0m" .
   [1 0])
  ("raw_block" .
   [0 0 0 0 0 0 0 0 1])
  ("GET_BLOCK" .
   [0 0 0 0 0 0 0 0 4])
  ("memcpy" .
   [1 0 0 0 0 0])
  ("new_ptr" .
   [3 0 0 0 0 0 0])
  ("ptr" .
   [8 0 0])
  ("new_bl" .
   [0 0 0 0 0 1])
  ("free" .
   [2 0 0 0])
  ("write" .
   [1 0 0 0 0])
  ("emacs" .
   [1 0 0 0 0])))
